0000011110111001111100000111101110011111
0000011111111001111100000111101110011111
0111111111110001111100011111111110011111
0111111111110011111101111111111100111111
1111111111111111111101111111111111111111
1111111111111111111111111111111111111111
1111111111111111111111111111111111111100
1111111111111111111111111111111110000000
1111111111111111111111111111111100000000
1111111111111111111000000000000000000000
1111111000011111111111100000000000000000
0011111111111111111111111111111111111111
0011111111111111111111111111111111111111
0011111111111111111111111111111111111111
0011111111000000000000011111111111111111
0001111110000000000000000111111111111111